title = "testconfig"

[game]
enemy_color = "blue" # blue or red

[camera]
camera_name = "hikrobot"
exposure_ms = 5
gain = 10
vid_pid = "2bdf:0001"
camera_matrix = [1705.0653433037448, 0, 720.40344524046429, 0, 1700.6460675615697, 549.20914331420488, 0, 0, 1]
distort_coeffs = [-0.062465172400315981, 0.10305943039166041, 0.0038821849203493552, 6.5657701141001959e-05, 0]
